{
 "cells": [
  {
   "cell_type": "code",
   "execution_count": 1,
   "metadata": {},
   "outputs": [],
   "source": [
    "%matplotlib notebook\n",
    "import matplotlib.pyplot as pl\n",
    "from astropy.io import fits\n",
    "from ngmix.medsreaders import NGMixMEDS\n",
    "import numpy as np\n",
    "import galsim\n",
    "\n",
    "import sys\n",
    "sys.path.insert(0,'/Users/secco/Documents/projects/delve_shear/delve_cs_test/code/newish_metacal/tests')\n",
    "sys.path.insert(0,'/Users/secco/Documents/projects/delve_shear/delve_cs_test/code/newish_metacal')\n",
    "sys.path.insert(0,'/Users/secco/Documents/projects/delve_shear/delve_cs_test/code/newish_metacal/metacal')\n",
    "\n",
    "import test_metacal\n",
    "\n",
    "medsname = '/Users/secco/Documents/projects/delve_shear/delve_cs_test/data/TESTBED_DES0954+0252_r4918p01_i_meds-DECADE.fits.fz'"
   ]
  },
  {
   "cell_type": "code",
   "execution_count": 3,
   "metadata": {},
   "outputs": [
    {
     "data": {
      "text/plain": [
       "(array([(26., 26., 0, [-1.16255731e-06, -1.71354727e-06], 0.30380967, 36, 699937.96971246, 0., [ 1.51535575e-01, -1.51535301e-01,  1.84580775e-02,  1.74505561e-06,  3.64875020e-01,  9.49235198e-01], [[ 4.46386839e-07,  1.52270434e-11,  1.38785289e-11, -4.27600168e-12, -1.74866095e-11, -1.62749180e-11], [ 1.52270434e-11,  4.64552491e-07, -3.37799058e-11, -1.36067695e-10, -7.03049905e-12, -1.31471931e-11], [ 1.38785289e-11, -3.37799058e-11,  2.33206655e-06,  6.28341809e-11,  4.53470956e-09, -2.05086056e-08], [-4.27600168e-12, -1.36067695e-10,  6.28341809e-11,  2.33063142e-06, -1.48605255e-10, -1.07375945e-11], [-1.74866095e-11, -7.03049905e-12,  4.53470956e-09, -1.48605255e-10,  1.24109832e-06,  8.64674345e-07], [-1.62749180e-11, -1.31471931e-11, -2.05086056e-08, -1.07375945e-11,  8.64674345e-07,  1.20536719e-06]], [1.84580775e-02, 1.74505561e-06], [[2.33206655e-06, 6.28341809e-11], [6.28341809e-11, 2.33063142e-06]], 0.36487502, 0.00111405, 1.2009987, [0.9492352], [[0.]], [0.00109789], 43, 699857.68616423, 0., [ 1.50355991e-01, -1.51866962e-01,  2.76650794e-02,  2.41587725e-06,  3.65161535e-01,  9.49210241e-01], [[ 4.42656654e-07, -1.43101810e-11,  1.15724078e-11,  2.58472221e-10, -1.51659927e-11, -1.46495050e-11], [-1.43101810e-11,  4.69594512e-07, -3.39080814e-11,  1.72503598e-10, -1.13526558e-11, -1.62446163e-11], [ 1.15724078e-11, -3.39080814e-11,  2.33776840e-06, -1.33497379e-10,  6.68738351e-09, -3.04208794e-08], [ 2.58472221e-10,  1.72503598e-10, -1.33497379e-10,  2.33368761e-06, -7.56328374e-10,  5.44464841e-10], [-1.51659927e-11, -1.13526558e-11,  6.68738351e-09, -7.56328374e-10,  1.24351445e-06,  8.65734845e-07], [-1.46495050e-11, -1.62446163e-11, -3.04208794e-08,  5.44464841e-10,  8.65734845e-07,  1.20654350e-06]], [2.76650794e-02, 2.41587725e-06], [[ 2.33776840e-06, -1.33497379e-10], [-1.33497379e-10,  2.33368761e-06]], 0.36516154, 0.00111513, 1.20194177, [0.94921024], [[0.]], [0.00109843], 44, 699986.15351982, 0., [ 1.52726838e-01, -1.51206805e-01,  9.23640757e-03, -1.03660175e-05,  3.64686108e-01,  9.49238466e-01], [[ 4.50358734e-07,  5.12298084e-12,  6.87219571e-12, -1.15786102e-10, -1.06173615e-11, -1.06230325e-11], [ 5.12298084e-12,  4.59526681e-07, -3.06446305e-11, -2.83047359e-10, -8.09000838e-12, -1.41506642e-11], [ 6.87219571e-12, -3.06446305e-11,  2.32973494e-06,  2.96538942e-10,  2.29508102e-09, -1.03740875e-08], [-1.15786102e-10, -2.83047359e-10,  2.96538942e-10,  2.32978904e-06, -1.58922485e-10, -1.63153850e-11], [-1.06173615e-11, -8.09000838e-12,  2.29508102e-09, -1.58922485e-10,  1.23891627e-06,  8.63664297e-07], [-1.06230325e-11, -1.41506642e-11, -1.03740875e-08, -1.63153850e-11,  8.63664297e-07,  1.20432007e-06]], [ 9.23640757e-03, -1.03660175e-05], [[2.32973494e-06, 2.96538942e-10], [2.96538942e-10, 2.32978904e-06]], 0.36468611, 0.00111307, 1.20037689, [0.94923847], [[0.]], [0.00109742], 44, 699921.89591382, 0., [ 0.15121137, -0.15035147,  0.01844726,  0.00922885,  0.36491932,  0.9492211 ], [[ 4.46532197e-07,  4.49525534e-09,  1.02056551e-11, -1.42129702e-11, -2.86635883e-12, -4.33823154e-12], [ 4.49525534e-09,  4.64488236e-07, -3.13217413e-11,  2.51272476e-12, -1.98590058e-11, -2.34698780e-11], [ 1.02056551e-11, -3.13217413e-11,  2.33372183e-06,  6.94914389e-10,  4.45696802e-09, -2.02989759e-08], [-1.42129702e-11,  2.51272476e-12,  6.94914389e-10,  2.33276693e-06,  2.17806405e-09, -1.01964969e-08], [-2.86635883e-12, -1.98590058e-11,  4.45696802e-09,  2.17806405e-09,  1.24107948e-06,  8.64642610e-07], [-4.33823154e-12, -2.34698780e-11, -2.02989759e-08, -1.01964969e-08,  8.64642610e-07,  1.20537655e-06]], [0.01844726, 0.00922885], [[2.33372183e-06, 6.94914389e-10], [6.94914389e-10, 2.33276693e-06]], 0.36491932, 0.00111404, 1.20114453, [0.9492211], [[0.]], [0.0010979], 43, 699921.91175299, 0., [ 0.15187139, -0.15272228,  0.01844683, -0.00922563,  0.36491173,  0.94921594], [[ 4.46457629e-07, -4.50104475e-09,  8.86917011e-12,  3.81283418e-14, -1.10893840e-11, -1.11703896e-11], [-4.50104475e-09,  4.64414304e-07, -3.35608251e-11, -1.34075611e-11, -1.13398157e-11, -1.69379870e-11], [ 8.86917011e-12, -3.35608251e-11,  2.33424349e-06, -6.92218210e-10,  4.47247730e-09, -2.02898776e-08], [ 3.81283418e-14, -1.34075611e-11, -6.92218210e-10,  2.33320884e-06, -2.23934383e-09,  1.01520271e-08], [-1.10893840e-11, -1.13398157e-11,  4.47247730e-09, -2.23934383e-09,  1.24067431e-06,  8.64414199e-07], [-1.11703896e-11, -1.69379870e-11, -2.02898776e-08,  1.01520271e-08,  8.64414199e-07,  1.20516741e-06]], [ 0.01844683, -0.00922563], [[ 2.33424349e-06, -6.92218210e-10], [-6.92218210e-10,  2.33320884e-06]], 0.36491173, 0.00111386, 1.20111954, [0.94921594], [[0.]], [0.0010978])],\n",
       "       dtype=[('x', '<f8'), ('y', '<f8'), ('mcal_flags', '<i8'), ('mcal_psf_g_noshear', '<f8', (2,)), ('mcal_psf_T_noshear', '<f8'), ('mcal_nfev_noshear', '<i4'), ('mcal_s2n_noshear', '<f8'), ('mcal_s2n_r_noshear', '<f8'), ('mcal_pars_noshear', '<f8', (6,)), ('mcal_pars_cov_noshear', '<f8', (6, 6)), ('mcal_g_noshear', '<f8', (2,)), ('mcal_g_cov_noshear', '<f8', (2, 2)), ('mcal_T_noshear', '<f8'), ('mcal_T_err_noshear', '<f8'), ('mcal_T_ratio_noshear', '<f8'), ('mcal_flux_noshear', '<f8', (1,)), ('mcal_flux_cov_noshear', '<f8', (1, 1)), ('mcal_flux_err_noshear', '<f8', (1,)), ('mcal_nfev_1p', '<i4'), ('mcal_s2n_1p', '<f8'), ('mcal_s2n_r_1p', '<f8'), ('mcal_pars_1p', '<f8', (6,)), ('mcal_pars_cov_1p', '<f8', (6, 6)), ('mcal_g_1p', '<f8', (2,)), ('mcal_g_cov_1p', '<f8', (2, 2)), ('mcal_T_1p', '<f8'), ('mcal_T_err_1p', '<f8'), ('mcal_T_ratio_1p', '<f8'), ('mcal_flux_1p', '<f8', (1,)), ('mcal_flux_cov_1p', '<f8', (1, 1)), ('mcal_flux_err_1p', '<f8', (1,)), ('mcal_nfev_1m', '<i4'), ('mcal_s2n_1m', '<f8'), ('mcal_s2n_r_1m', '<f8'), ('mcal_pars_1m', '<f8', (6,)), ('mcal_pars_cov_1m', '<f8', (6, 6)), ('mcal_g_1m', '<f8', (2,)), ('mcal_g_cov_1m', '<f8', (2, 2)), ('mcal_T_1m', '<f8'), ('mcal_T_err_1m', '<f8'), ('mcal_T_ratio_1m', '<f8'), ('mcal_flux_1m', '<f8', (1,)), ('mcal_flux_cov_1m', '<f8', (1, 1)), ('mcal_flux_err_1m', '<f8', (1,)), ('mcal_nfev_2p', '<i4'), ('mcal_s2n_2p', '<f8'), ('mcal_s2n_r_2p', '<f8'), ('mcal_pars_2p', '<f8', (6,)), ('mcal_pars_cov_2p', '<f8', (6, 6)), ('mcal_g_2p', '<f8', (2,)), ('mcal_g_cov_2p', '<f8', (2, 2)), ('mcal_T_2p', '<f8'), ('mcal_T_err_2p', '<f8'), ('mcal_T_ratio_2p', '<f8'), ('mcal_flux_2p', '<f8', (1,)), ('mcal_flux_cov_2p', '<f8', (1, 1)), ('mcal_flux_err_2p', '<f8', (1,)), ('mcal_nfev_2m', '<i4'), ('mcal_s2n_2m', '<f8'), ('mcal_s2n_r_2m', '<f8'), ('mcal_pars_2m', '<f8', (6,)), ('mcal_pars_cov_2m', '<f8', (6, 6)), ('mcal_g_2m', '<f8', (2,)), ('mcal_g_cov_2m', '<f8', (2, 2)), ('mcal_T_2m', '<f8'), ('mcal_T_err_2m', '<f8'), ('mcal_T_ratio_2m', '<f8'), ('mcal_flux_2m', '<f8', (1,)), ('mcal_flux_cov_2m', '<f8', (1, 1)), ('mcal_flux_err_2m', '<f8', (1,))]),\n",
       " array([(26., 26., 0, [-1.16255731e-06, -1.71354727e-06], 0.30380967, 36, 699937.9555655, 0., [ 1.51535423e-01, -1.51534910e-01, -1.84330941e-02,  1.03345061e-05,  3.64871162e-01,  9.49232947e-01], [[ 4.64330949e-07,  4.73527157e-12,  7.97944989e-12, -1.89247468e-10, -6.23772583e-14, -1.93336030e-12], [ 4.73527157e-12,  4.46563814e-07, -3.10771560e-11,  1.49266617e-10, -1.77679315e-11, -2.33763221e-11], [ 7.97944989e-12, -3.10771560e-11,  2.33217962e-06, -2.87246922e-10, -4.43073854e-09,  1.99666794e-08], [-1.89247468e-10,  1.49266617e-10, -2.87246922e-10,  2.33073995e-06,  1.65818269e-10, -4.32991369e-11], [-6.23772583e-14, -1.77679315e-11, -4.43073854e-09,  1.65818269e-10,  1.24095238e-06,  8.64616114e-07], [-1.93336030e-12, -2.33763221e-11,  1.99666794e-08, -4.32991369e-11,  8.64616114e-07,  1.20531294e-06]], [-1.84330941e-02,  1.03345061e-05], [[ 2.33217962e-06, -2.87246922e-10], [-2.87246922e-10,  2.33073995e-06]], 0.36487116, 0.00111398, 1.200986, [0.94923295], [[0.]], [0.00109787], 50, 699986.133565, 0., [ 1.50355930e-01, -1.51866593e-01, -9.22236779e-03,  2.08918980e-05,  3.64673320e-01,  9.49229690e-01], [[ 4.59352154e-07, -2.92040202e-12,  1.00560134e-11,  2.29352879e-10, -2.08968035e-12, -3.70776396e-12], [-2.92040202e-12,  4.50349941e-07, -3.26195137e-11,  3.83916970e-10, -1.97818698e-11, -2.46267185e-11], [ 1.00560134e-11, -3.26195137e-11,  2.33057079e-06,  7.14725162e-10, -2.22853366e-09,  1.01114342e-08], [ 2.29352879e-10,  3.83916970e-10,  7.14725162e-10,  2.32830904e-06, -4.48084143e-10,  2.47465166e-10], [-2.08968035e-12, -1.97818698e-11, -2.22853366e-09, -4.48084143e-10,  1.23841008e-06,  8.63410405e-07], [-3.70776396e-12, -2.46267185e-11,  1.01114342e-08,  2.47465166e-10,  8.63410405e-07,  1.20408170e-06]], [-9.22236779e-03,  2.08918980e-05], [[2.33057079e-06, 7.14725162e-10], [7.14725162e-10, 2.32830904e-06]], 0.36467332, 0.00111284, 1.2003348, [0.94922969], [[0.]], [0.00109731], 44, 699857.67224688, 0., [ 1.52726704e-01, -1.51206562e-01, -2.76545831e-02,  5.15235300e-06,  3.65171733e-01,  9.49217308e-01], [[ 4.69623731e-07,  8.04953877e-12,  1.50695838e-11, -1.57641144e-10,  5.60283351e-12,  4.88287012e-12], [ 8.04953877e-12,  4.42805984e-07, -1.14778713e-11,  1.06624373e-10, -1.22557619e-11, -1.08022792e-11], [ 1.50695838e-11, -1.14778713e-11,  2.33702092e-06,  8.55745130e-11, -6.62507661e-09,  3.02527919e-08], [-1.57641144e-10,  1.06624373e-10,  8.55745130e-11,  2.33349080e-06, -1.69878810e-10,  1.91637489e-10], [ 5.60283351e-12, -1.22557619e-11, -6.62507661e-09, -1.69878810e-10,  1.24395392e-06,  8.65994125e-07], [ 4.88287012e-12, -1.08022792e-11,  3.02527919e-08,  1.91637489e-10,  8.65994125e-07,  1.20679353e-06]], [-2.76545831e-02,  5.15235300e-06], [[2.33702092e-06, 8.55745130e-11], [8.55745130e-11, 2.33349080e-06]], 0.36517173, 0.00111533, 1.20197534, [0.94921731], [[0.]], [0.00109854], 44, 699921.881373, 0., [ 0.15121125, -0.15035112, -0.01844321,  0.00922862,  0.36491645,  0.94921938], [[ 4.64492165e-07,  4.49536115e-09,  8.54794455e-12, -1.28038503e-11,  8.04005030e-13, -1.35931058e-12], [ 4.49536115e-09,  4.46468245e-07, -3.69065292e-11,  6.42725468e-12, -1.99832452e-11, -2.48394783e-11], [ 8.54794455e-12, -3.69065292e-11,  2.33391218e-06, -7.20963925e-10, -4.45912174e-09,  2.02933823e-08], [-1.28038503e-11,  6.42725468e-12, -7.20963925e-10,  2.33294046e-06,  2.19560229e-09, -1.01815547e-08], [ 8.04005030e-13, -1.99832452e-11, -4.45912174e-09,  2.19560229e-09,  1.24092409e-06,  8.64553727e-07], [-1.35931058e-12, -2.48394783e-11,  2.02933823e-08, -1.01815547e-08,  8.64553727e-07,  1.20529274e-06]], [-0.01844321,  0.00922862], [[ 2.33391218e-06, -7.20963925e-10], [-7.20963925e-10,  2.33294046e-06]], 0.36491645, 0.00111397, 1.20113507, [0.94921938], [[0.]], [0.00109786], 43, 699921.89257488, 0., [ 0.15187133, -0.15272221, -0.01844316, -0.0092258 ,  0.36491841,  0.9492204 ], [[ 4.64505804e-07, -4.49421262e-09,  1.39290675e-11,  5.92570092e-12, -6.37553378e-12, -5.11601992e-12], [-4.49421262e-09,  4.46491900e-07,  3.37179928e-12,  4.00092827e-12,  6.83233447e-12,  4.60349337e-12], [ 1.39290675e-11,  3.37179928e-12,  2.33383782e-06,  6.93317485e-10, -4.47028510e-09,  2.03053147e-08], [ 5.92570092e-12,  4.00092827e-12,  6.93317485e-10,  2.33278845e-06, -2.22815363e-09,  1.01664951e-08], [-6.37553378e-12,  6.83233447e-12, -4.47028510e-09, -2.22815363e-09,  1.24095644e-06,  8.64571011e-07], [-5.11601992e-12,  4.60349337e-12,  2.03053147e-08,  1.01664951e-08,  8.64571011e-07,  1.20531761e-06]], [-0.01844316, -0.0092258 ], [[2.33383782e-06, 6.93317485e-10], [6.93317485e-10, 2.33278845e-06]], 0.36491841, 0.00111398, 1.20114153, [0.9492204], [[0.]], [0.00109787])],\n",
       "       dtype=[('x', '<f8'), ('y', '<f8'), ('mcal_flags', '<i8'), ('mcal_psf_g_noshear', '<f8', (2,)), ('mcal_psf_T_noshear', '<f8'), ('mcal_nfev_noshear', '<i4'), ('mcal_s2n_noshear', '<f8'), ('mcal_s2n_r_noshear', '<f8'), ('mcal_pars_noshear', '<f8', (6,)), ('mcal_pars_cov_noshear', '<f8', (6, 6)), ('mcal_g_noshear', '<f8', (2,)), ('mcal_g_cov_noshear', '<f8', (2, 2)), ('mcal_T_noshear', '<f8'), ('mcal_T_err_noshear', '<f8'), ('mcal_T_ratio_noshear', '<f8'), ('mcal_flux_noshear', '<f8', (1,)), ('mcal_flux_cov_noshear', '<f8', (1, 1)), ('mcal_flux_err_noshear', '<f8', (1,)), ('mcal_nfev_1p', '<i4'), ('mcal_s2n_1p', '<f8'), ('mcal_s2n_r_1p', '<f8'), ('mcal_pars_1p', '<f8', (6,)), ('mcal_pars_cov_1p', '<f8', (6, 6)), ('mcal_g_1p', '<f8', (2,)), ('mcal_g_cov_1p', '<f8', (2, 2)), ('mcal_T_1p', '<f8'), ('mcal_T_err_1p', '<f8'), ('mcal_T_ratio_1p', '<f8'), ('mcal_flux_1p', '<f8', (1,)), ('mcal_flux_cov_1p', '<f8', (1, 1)), ('mcal_flux_err_1p', '<f8', (1,)), ('mcal_nfev_1m', '<i4'), ('mcal_s2n_1m', '<f8'), ('mcal_s2n_r_1m', '<f8'), ('mcal_pars_1m', '<f8', (6,)), ('mcal_pars_cov_1m', '<f8', (6, 6)), ('mcal_g_1m', '<f8', (2,)), ('mcal_g_cov_1m', '<f8', (2, 2)), ('mcal_T_1m', '<f8'), ('mcal_T_err_1m', '<f8'), ('mcal_T_ratio_1m', '<f8'), ('mcal_flux_1m', '<f8', (1,)), ('mcal_flux_cov_1m', '<f8', (1, 1)), ('mcal_flux_err_1m', '<f8', (1,)), ('mcal_nfev_2p', '<i4'), ('mcal_s2n_2p', '<f8'), ('mcal_s2n_r_2p', '<f8'), ('mcal_pars_2p', '<f8', (6,)), ('mcal_pars_cov_2p', '<f8', (6, 6)), ('mcal_g_2p', '<f8', (2,)), ('mcal_g_cov_2p', '<f8', (2, 2)), ('mcal_T_2p', '<f8'), ('mcal_T_err_2p', '<f8'), ('mcal_T_ratio_2p', '<f8'), ('mcal_flux_2p', '<f8', (1,)), ('mcal_flux_cov_2p', '<f8', (1, 1)), ('mcal_flux_err_2p', '<f8', (1,)), ('mcal_nfev_2m', '<i4'), ('mcal_s2n_2m', '<f8'), ('mcal_s2n_r_2m', '<f8'), ('mcal_pars_2m', '<f8', (6,)), ('mcal_pars_cov_2m', '<f8', (6, 6)), ('mcal_g_2m', '<f8', (2,)), ('mcal_g_cov_2m', '<f8', (2, 2)), ('mcal_T_2m', '<f8'), ('mcal_T_err_2m', '<f8'), ('mcal_T_ratio_2m', '<f8'), ('mcal_flux_2m', '<f8', (1,)), ('mcal_flux_cov_2m', '<f8', (1, 1)), ('mcal_flux_err_2m', '<f8', (1,))]))"
      ]
     },
     "execution_count": 3,
     "metadata": {},
     "output_type": "execute_result"
    }
   ],
   "source": [
    "#verify that things are working:\n",
    "test_metacal.run_single_sim_pair(seed=42)"
   ]
  },
  {
   "cell_type": "markdown",
   "metadata": {},
   "source": [
    "# Write simple stuff into the MEDS file"
   ]
  },
  {
   "cell_type": "markdown",
   "metadata": {},
   "source": [
    "Before creating the simulations, let's get the metadata (like image size, jacobians and etc) from the MEDS file"
   ]
  },
  {
   "cell_type": "code",
   "execution_count": 6,
   "metadata": {
    "scrolled": true
   },
   "outputs": [
    {
     "name": "stdout",
     "output_type": "stream",
     "text": [
      "Filename: /Users/secco/Documents/projects/delve_shear/delve_cs_test/data/TESTBED_DES0954+0252_r4918p01_i_meds-DECADE.fits.fz\n",
      "No.    Name      Ver    Type      Cards   Dimensions   Format\n",
      "  0  PRIMARY       1 PrimaryHDU      17   ()      \n",
      "  1  object_data    1 BinTableHDU     77   28586R x 33C   [K, K, D, D, K, 11K, 11K, 11D, 11D, 11K, 11K, 11D, 11D, 11D, 11D, 11D, 11D, K, J, E, E, E, E, E, E, E, D, D, 11J, 11J, 11D, 11D, 11K]   \n",
      "  2  image_info    1 BinTableHDU     43   44R x 16C   [45A, 4A, 45A, 4A, 45A, 4A, 45A, 4A, 45A, 4A, 38A, K, E, E, D, 2338A]   \n",
      "  3  metadata      1 BinTableHDU     35   1R x 12C   [D, 10A, 4A, 1358A, 8A, 1A, 12A, 6A, 5A, 8A, 5A, 5A]   \n",
      "  4  image_cutouts    1 CompImageHDU     17   (333934592,)   float32   \n",
      "  5  weight_cutouts    1 CompImageHDU     17   (333934592,)   float32   \n",
      "  6  seg_cutouts    1 CompImageHDU     13   (333934592,)   int32   \n",
      "  7  bmask_cutouts    1 CompImageHDU     13   (333934592,)   int32   \n",
      "  8  psf           1 CompImageHDU     17   (344139578,)   float32   \n"
     ]
    },
    {
     "data": {
      "text/plain": [
       "XTENSION= 'BINTABLE'           / binary table extension                         \n",
       "BITPIX  =                    8 / 8-bit bytes                                    \n",
       "NAXIS   =                    2 / 2-dimensional binary table                     \n",
       "NAXIS1  =                 1504 / width of table in bytes                        \n",
       "NAXIS2  =                28586 / number of rows in table                        \n",
       "PCOUNT  =                    0 / size of special data area                      \n",
       "GCOUNT  =                    1 / one data group (required keyword)              \n",
       "TFIELDS =                   33 / number of fields in each row                   \n",
       "TTYPE1  = 'id      '           / label for field   1                            \n",
       "TFORM1  = 'K       '           / data format of field: 8-byte INTEGER           \n",
       "TTYPE2  = 'box_size'           / label for field   2                            \n",
       "TFORM2  = 'K       '           / data format of field: 8-byte INTEGER           \n",
       "TTYPE3  = 'ra      '           / label for field   3                            \n",
       "TFORM3  = 'D       '           / data format of field: 8-byte DOUBLE            \n",
       "TTYPE4  = 'dec     '           / label for field   4                            \n",
       "TFORM4  = 'D       '           / data format of field: 8-byte DOUBLE            \n",
       "TTYPE5  = 'ncutout '           / label for field   5                            \n",
       "TFORM5  = 'K       '           / data format of field: 8-byte INTEGER           \n",
       "TTYPE6  = 'file_id '           / label for field   6                            \n",
       "TFORM6  = '11K     '           / data format of field: 8-byte INTEGER           \n",
       "TTYPE7  = 'start_row'          / label for field   7                            \n",
       "TFORM7  = '11K     '           / data format of field: 8-byte INTEGER           \n",
       "TTYPE8  = 'orig_row'           / label for field   8                            \n",
       "TFORM8  = '11D     '           / data format of field: 8-byte DOUBLE            \n",
       "TTYPE9  = 'orig_col'           / label for field   9                            \n",
       "TFORM9  = '11D     '           / data format of field: 8-byte DOUBLE            \n",
       "TTYPE10 = 'orig_start_row'     / label for field  10                            \n",
       "TFORM10 = '11K     '           / data format of field: 8-byte INTEGER           \n",
       "TTYPE11 = 'orig_start_col'     / label for field  11                            \n",
       "TFORM11 = '11K     '           / data format of field: 8-byte INTEGER           \n",
       "TTYPE12 = 'cutout_row'         / label for field  12                            \n",
       "TFORM12 = '11D     '           / data format of field: 8-byte DOUBLE            \n",
       "TTYPE13 = 'cutout_col'         / label for field  13                            \n",
       "TFORM13 = '11D     '           / data format of field: 8-byte DOUBLE            \n",
       "TTYPE14 = 'dudrow  '           / label for field  14                            \n",
       "TFORM14 = '11D     '           / data format of field: 8-byte DOUBLE            \n",
       "TTYPE15 = 'dudcol  '           / label for field  15                            \n",
       "TFORM15 = '11D     '           / data format of field: 8-byte DOUBLE            \n",
       "TTYPE16 = 'dvdrow  '           / label for field  16                            \n",
       "TFORM16 = '11D     '           / data format of field: 8-byte DOUBLE            \n",
       "TTYPE17 = 'dvdcol  '           / label for field  17                            \n",
       "TFORM17 = '11D     '           / data format of field: 8-byte DOUBLE            \n",
       "TTYPE18 = 'number  '           / label for field  18                            \n",
       "TFORM18 = 'K       '           / data format of field: 8-byte INTEGER           \n",
       "TTYPE19 = 'flags   '           / label for field  19                            \n",
       "TFORM19 = 'J       '           / data format of field: 4-byte INTEGER           \n",
       "TTYPE20 = 'iso_radius'         / label for field  20                            \n",
       "TFORM20 = 'E       '           / data format of field: 4-byte REAL              \n",
       "TTYPE21 = 'flux    '           / label for field  21                            \n",
       "TFORM21 = 'E       '           / data format of field: 4-byte REAL              \n",
       "TTYPE22 = 'flux_err'           / label for field  22                            \n",
       "TFORM22 = 'E       '           / data format of field: 4-byte REAL              \n",
       "TTYPE23 = 'x2      '           / label for field  23                            \n",
       "TFORM23 = 'E       '           / data format of field: 4-byte REAL              \n",
       "TTYPE24 = 'x2_err  '           / label for field  24                            \n",
       "TFORM24 = 'E       '           / data format of field: 4-byte REAL              \n",
       "TTYPE25 = 'y2      '           / label for field  25                            \n",
       "TFORM25 = 'E       '           / data format of field: 4-byte REAL              \n",
       "TTYPE26 = 'y2_err  '           / label for field  26                            \n",
       "TFORM26 = 'E       '           / data format of field: 4-byte REAL              \n",
       "TTYPE27 = 'input_row'          / label for field  27                            \n",
       "TFORM27 = 'D       '           / data format of field: 8-byte DOUBLE            \n",
       "TTYPE28 = 'input_col'          / label for field  28                            \n",
       "TFORM28 = 'D       '           / data format of field: 8-byte DOUBLE            \n",
       "TTYPE29 = 'psf_row_size'       / label for field  29                            \n",
       "TFORM29 = '11J     '           / data format of field: 4-byte INTEGER           \n",
       "TTYPE30 = 'psf_col_size'       / label for field  30                            \n",
       "TFORM30 = '11J     '           / data format of field: 4-byte INTEGER           \n",
       "TTYPE31 = 'psf_cutout_row'     / label for field  31                            \n",
       "TFORM31 = '11D     '           / data format of field: 8-byte DOUBLE            \n",
       "TTYPE32 = 'psf_cutout_col'     / label for field  32                            \n",
       "TFORM32 = '11D     '           / data format of field: 8-byte DOUBLE            \n",
       "TTYPE33 = 'psf_start_row'      / label for field  33                            \n",
       "TFORM33 = '11K     '           / data format of field: 8-byte INTEGER           \n",
       "EXTNAME = 'object_data'        / name of this binary table extension            \n",
       "CHECKSUM= '8GLWAEKW2EKW8EKW'   / HDU checksum updated 2019-07-09T17:35:11       \n",
       "DATASUM = '784108900'          / data unit checksum updated 2019-07-09T17:35:11 "
      ]
     },
     "execution_count": 6,
     "metadata": {},
     "output_type": "execute_result"
    }
   ],
   "source": [
    "m = fits.open(medsname)\n",
    "m.info()\n",
    "m[1].header"
   ]
  },
  {
   "cell_type": "markdown",
   "metadata": {},
   "source": [
    "Suppose we want to the following for the object at index 300: the image size, image start/end row and center,  psf size and start/end row and jacobian elements 'dudrow', 'dudcol', 'dvdrow', 'dvdcol' "
   ]
  },
  {
   "cell_type": "code",
   "execution_count": 4,
   "metadata": {},
   "outputs": [],
   "source": [
    "obj_ind=300"
   ]
  },
  {
   "cell_type": "code",
   "execution_count": 5,
   "metadata": {},
   "outputs": [
    {
     "name": "stdout",
     "output_type": "stream",
     "text": [
      "Object at index 300 has N= 2 cutouts (single epochs)\n",
      "Its box size is 32 , so the start_row for each cutout of this object should be 32 x 32 away from the next cutout, and N x 32 x 32 from the next object\n",
      "Let's see: start_row = [1796096 1797120   -9999   -9999   -9999   -9999   -9999   -9999   -9999\n",
      "   -9999   -9999] (ignore -9999)\n",
      "And the start_row for the next object is [1798144 1799168   -9999   -9999   -9999   -9999   -9999   -9999   -9999\n",
      "   -9999   -9999]\n",
      "\n",
      "\n",
      "\n",
      "No idea what orig_start_row = [  222   726 -9999 -9999 -9999 -9999 -9999 -9999 -9999 -9999 -9999] and some of the other keys are,\n",
      "\n",
      "\n",
      "\n",
      "cutout_row = [   15.71350098    15.11155049 -9999.         -9999.\n",
      " -9999.         -9999.         -9999.         -9999.\n",
      " -9999.         -9999.         -9999.        ] should be the row of the center of the image in the box coordinates\n",
      "and similar for cutout_col = [   15.01660156    15.24393696 -9999.         -9999.\n",
      " -9999.         -9999.         -9999.         -9999.\n",
      " -9999.         -9999.         -9999.        ]\n",
      "\n",
      "\n",
      "\n",
      "The PSF row size is =  [   43    43 -9999 -9999 -9999 -9999 -9999 -9999 -9999 -9999 -9999]\n",
      "and the PSF col size is =  [   43    43 -9999 -9999 -9999 -9999 -9999 -9999 -9999 -9999 -9999]\n",
      "and naturally, since it seems the psf boxes can have differente sizes, they have a separate start_row: [1340525 1342374   -9999   -9999   -9999   -9999   -9999   -9999   -9999\n",
      "   -9999   -9999]\n"
     ]
    }
   ],
   "source": [
    "box_size = m[1].data['box_size'][obj_ind]\n",
    "ncutout = m[1].data['ncutout'][obj_ind]\n",
    "start_row = m[1].data['start_row'][obj_ind]\n",
    "start_row_next = m[1].data['start_row'][obj_ind+1]\n",
    "\n",
    "cutout_row = m[1].data['cutout_row'][obj_ind]\n",
    "cutout_col = m[1].data['cutout_col'][obj_ind]\n",
    "orig_start_row = m[1].data['orig_start_row'][obj_ind]\n",
    "\n",
    "psf_row = m[1].data['psf_row_size'][obj_ind]\n",
    "psf_col = m[1].data['psf_col_size'][obj_ind]\n",
    "psf_start_row = m[1].data['psf_start_row'][obj_ind]\n",
    "\n",
    "\n",
    "print('Object at index',obj_ind,'has N=',ncutout,'cutouts (single epochs)')\n",
    "print('Its box size is',box_size,', so the start_row for each cutout of this object should be',box_size,'x',box_size,\n",
    "      r'away from the next cutout, and N x',box_size,'x',box_size,'from the next object')\n",
    "print(\"Let's see: start_row =\",start_row,'(ignore -9999)')\n",
    "print(\"And the start_row for the next object is\",start_row_next)\n",
    "\n",
    "print('\\n\\n')\n",
    "\n",
    "print(\"No idea what orig_start_row =\",orig_start_row,'and some of the other keys are,')\n",
    "\n",
    "print('\\n\\n')\n",
    "\n",
    "print('cutout_row =',cutout_row,'should be the row of the center of the image in the box coordinates')\n",
    "print('and similar for cutout_col =',cutout_col)\n",
    "\n",
    "print('\\n\\n')\n",
    "\n",
    "print('The PSF row size is = ',psf_row)\n",
    "print('and the PSF col size is = ',psf_col)\n",
    "print('and naturally, since it seems the psf boxes can have differente sizes, they have a separate start_row:',psf_start_row)"
   ]
  },
  {
   "cell_type": "markdown",
   "metadata": {},
   "source": [
    "Try to plot an image by accessing its start row in the `image_cutouts` extension of the MEDS file"
   ]
  },
  {
   "cell_type": "code",
   "execution_count": 6,
   "metadata": {},
   "outputs": [
    {
     "data": {
      "application/javascript": [
       "/* Put everything inside the global mpl namespace */\n",
       "/* global mpl */\n",
       "window.mpl = {};\n",
       "\n",
       "mpl.get_websocket_type = function () {\n",
       "    if (typeof WebSocket !== 'undefined') {\n",
       "        return WebSocket;\n",
       "    } else if (typeof MozWebSocket !== 'undefined') {\n",
       "        return MozWebSocket;\n",
       "    } else {\n",
       "        alert(\n",
       "            'Your browser does not have WebSocket support. ' +\n",
       "                'Please try Chrome, Safari or Firefox ≥ 6. ' +\n",
       "                'Firefox 4 and 5 are also supported but you ' +\n",
       "                'have to enable WebSockets in about:config.'\n",
       "        );\n",
       "    }\n",
       "};\n",
       "\n",
       "mpl.figure = function (figure_id, websocket, ondownload, parent_element) {\n",
       "    this.id = figure_id;\n",
       "\n",
       "    this.ws = websocket;\n",
       "\n",
       "    this.supports_binary = this.ws.binaryType !== undefined;\n",
       "\n",
       "    if (!this.supports_binary) {\n",
       "        var warnings = document.getElementById('mpl-warnings');\n",
       "        if (warnings) {\n",
       "            warnings.style.display = 'block';\n",
       "            warnings.textContent =\n",
       "                'This browser does not support binary websocket messages. ' +\n",
       "                'Performance may be slow.';\n",
       "        }\n",
       "    }\n",
       "\n",
       "    this.imageObj = new Image();\n",
       "\n",
       "    this.context = undefined;\n",
       "    this.message = undefined;\n",
       "    this.canvas = undefined;\n",
       "    this.rubberband_canvas = undefined;\n",
       "    this.rubberband_context = undefined;\n",
       "    this.format_dropdown = undefined;\n",
       "\n",
       "    this.image_mode = 'full';\n",
       "\n",
       "    this.root = document.createElement('div');\n",
       "    this.root.setAttribute('style', 'display: inline-block');\n",
       "    this._root_extra_style(this.root);\n",
       "\n",
       "    parent_element.appendChild(this.root);\n",
       "\n",
       "    this._init_header(this);\n",
       "    this._init_canvas(this);\n",
       "    this._init_toolbar(this);\n",
       "\n",
       "    var fig = this;\n",
       "\n",
       "    this.waiting = false;\n",
       "\n",
       "    this.ws.onopen = function () {\n",
       "        fig.send_message('supports_binary', { value: fig.supports_binary });\n",
       "        fig.send_message('send_image_mode', {});\n",
       "        if (fig.ratio !== 1) {\n",
       "            fig.send_message('set_dpi_ratio', { dpi_ratio: fig.ratio });\n",
       "        }\n",
       "        fig.send_message('refresh', {});\n",
       "    };\n",
       "\n",
       "    this.imageObj.onload = function () {\n",
       "        if (fig.image_mode === 'full') {\n",
       "            // Full images could contain transparency (where diff images\n",
       "            // almost always do), so we need to clear the canvas so that\n",
       "            // there is no ghosting.\n",
       "            fig.context.clearRect(0, 0, fig.canvas.width, fig.canvas.height);\n",
       "        }\n",
       "        fig.context.drawImage(fig.imageObj, 0, 0);\n",
       "    };\n",
       "\n",
       "    this.imageObj.onunload = function () {\n",
       "        fig.ws.close();\n",
       "    };\n",
       "\n",
       "    this.ws.onmessage = this._make_on_message_function(this);\n",
       "\n",
       "    this.ondownload = ondownload;\n",
       "};\n",
       "\n",
       "mpl.figure.prototype._init_header = function () {\n",
       "    var titlebar = document.createElement('div');\n",
       "    titlebar.classList =\n",
       "        'ui-dialog-titlebar ui-widget-header ui-corner-all ui-helper-clearfix';\n",
       "    var titletext = document.createElement('div');\n",
       "    titletext.classList = 'ui-dialog-title';\n",
       "    titletext.setAttribute(\n",
       "        'style',\n",
       "        'width: 100%; text-align: center; padding: 3px;'\n",
       "    );\n",
       "    titlebar.appendChild(titletext);\n",
       "    this.root.appendChild(titlebar);\n",
       "    this.header = titletext;\n",
       "};\n",
       "\n",
       "mpl.figure.prototype._canvas_extra_style = function (_canvas_div) {};\n",
       "\n",
       "mpl.figure.prototype._root_extra_style = function (_canvas_div) {};\n",
       "\n",
       "mpl.figure.prototype._init_canvas = function () {\n",
       "    var fig = this;\n",
       "\n",
       "    var canvas_div = (this.canvas_div = document.createElement('div'));\n",
       "    canvas_div.setAttribute(\n",
       "        'style',\n",
       "        'border: 1px solid #ddd;' +\n",
       "            'box-sizing: content-box;' +\n",
       "            'clear: both;' +\n",
       "            'min-height: 1px;' +\n",
       "            'min-width: 1px;' +\n",
       "            'outline: 0;' +\n",
       "            'overflow: hidden;' +\n",
       "            'position: relative;' +\n",
       "            'resize: both;'\n",
       "    );\n",
       "\n",
       "    function on_keyboard_event_closure(name) {\n",
       "        return function (event) {\n",
       "            return fig.key_event(event, name);\n",
       "        };\n",
       "    }\n",
       "\n",
       "    canvas_div.addEventListener(\n",
       "        'keydown',\n",
       "        on_keyboard_event_closure('key_press')\n",
       "    );\n",
       "    canvas_div.addEventListener(\n",
       "        'keyup',\n",
       "        on_keyboard_event_closure('key_release')\n",
       "    );\n",
       "\n",
       "    this._canvas_extra_style(canvas_div);\n",
       "    this.root.appendChild(canvas_div);\n",
       "\n",
       "    var canvas = (this.canvas = document.createElement('canvas'));\n",
       "    canvas.classList.add('mpl-canvas');\n",
       "    canvas.setAttribute('style', 'box-sizing: content-box;');\n",
       "\n",
       "    this.context = canvas.getContext('2d');\n",
       "\n",
       "    var backingStore =\n",
       "        this.context.backingStorePixelRatio ||\n",
       "        this.context.webkitBackingStorePixelRatio ||\n",
       "        this.context.mozBackingStorePixelRatio ||\n",
       "        this.context.msBackingStorePixelRatio ||\n",
       "        this.context.oBackingStorePixelRatio ||\n",
       "        this.context.backingStorePixelRatio ||\n",
       "        1;\n",
       "\n",
       "    this.ratio = (window.devicePixelRatio || 1) / backingStore;\n",
       "\n",
       "    var rubberband_canvas = (this.rubberband_canvas = document.createElement(\n",
       "        'canvas'\n",
       "    ));\n",
       "    rubberband_canvas.setAttribute(\n",
       "        'style',\n",
       "        'box-sizing: content-box; position: absolute; left: 0; top: 0; z-index: 1;'\n",
       "    );\n",
       "\n",
       "    // Apply a ponyfill if ResizeObserver is not implemented by browser.\n",
       "    if (this.ResizeObserver === undefined) {\n",
       "        if (window.ResizeObserver !== undefined) {\n",
       "            this.ResizeObserver = window.ResizeObserver;\n",
       "        } else {\n",
       "            var obs = _JSXTOOLS_RESIZE_OBSERVER({});\n",
       "            this.ResizeObserver = obs.ResizeObserver;\n",
       "        }\n",
       "    }\n",
       "\n",
       "    this.resizeObserverInstance = new this.ResizeObserver(function (entries) {\n",
       "        var nentries = entries.length;\n",
       "        for (var i = 0; i < nentries; i++) {\n",
       "            var entry = entries[i];\n",
       "            var width, height;\n",
       "            if (entry.contentBoxSize) {\n",
       "                if (entry.contentBoxSize instanceof Array) {\n",
       "                    // Chrome 84 implements new version of spec.\n",
       "                    width = entry.contentBoxSize[0].inlineSize;\n",
       "                    height = entry.contentBoxSize[0].blockSize;\n",
       "                } else {\n",
       "                    // Firefox implements old version of spec.\n",
       "                    width = entry.contentBoxSize.inlineSize;\n",
       "                    height = entry.contentBoxSize.blockSize;\n",
       "                }\n",
       "            } else {\n",
       "                // Chrome <84 implements even older version of spec.\n",
       "                width = entry.contentRect.width;\n",
       "                height = entry.contentRect.height;\n",
       "            }\n",
       "\n",
       "            // Keep the size of the canvas and rubber band canvas in sync with\n",
       "            // the canvas container.\n",
       "            if (entry.devicePixelContentBoxSize) {\n",
       "                // Chrome 84 implements new version of spec.\n",
       "                canvas.setAttribute(\n",
       "                    'width',\n",
       "                    entry.devicePixelContentBoxSize[0].inlineSize\n",
       "                );\n",
       "                canvas.setAttribute(\n",
       "                    'height',\n",
       "                    entry.devicePixelContentBoxSize[0].blockSize\n",
       "                );\n",
       "            } else {\n",
       "                canvas.setAttribute('width', width * fig.ratio);\n",
       "                canvas.setAttribute('height', height * fig.ratio);\n",
       "            }\n",
       "            canvas.setAttribute(\n",
       "                'style',\n",
       "                'width: ' + width + 'px; height: ' + height + 'px;'\n",
       "            );\n",
       "\n",
       "            rubberband_canvas.setAttribute('width', width);\n",
       "            rubberband_canvas.setAttribute('height', height);\n",
       "\n",
       "            // And update the size in Python. We ignore the initial 0/0 size\n",
       "            // that occurs as the element is placed into the DOM, which should\n",
       "            // otherwise not happen due to the minimum size styling.\n",
       "            if (fig.ws.readyState == 1 && width != 0 && height != 0) {\n",
       "                fig.request_resize(width, height);\n",
       "            }\n",
       "        }\n",
       "    });\n",
       "    this.resizeObserverInstance.observe(canvas_div);\n",
       "\n",
       "    function on_mouse_event_closure(name) {\n",
       "        return function (event) {\n",
       "            return fig.mouse_event(event, name);\n",
       "        };\n",
       "    }\n",
       "\n",
       "    rubberband_canvas.addEventListener(\n",
       "        'mousedown',\n",
       "        on_mouse_event_closure('button_press')\n",
       "    );\n",
       "    rubberband_canvas.addEventListener(\n",
       "        'mouseup',\n",
       "        on_mouse_event_closure('button_release')\n",
       "    );\n",
       "    rubberband_canvas.addEventListener(\n",
       "        'dblclick',\n",
       "        on_mouse_event_closure('dblclick')\n",
       "    );\n",
       "    // Throttle sequential mouse events to 1 every 20ms.\n",
       "    rubberband_canvas.addEventListener(\n",
       "        'mousemove',\n",
       "        on_mouse_event_closure('motion_notify')\n",
       "    );\n",
       "\n",
       "    rubberband_canvas.addEventListener(\n",
       "        'mouseenter',\n",
       "        on_mouse_event_closure('figure_enter')\n",
       "    );\n",
